0.37142857142857144
0.37142857142857144
0.37142857142857144
0.37142857142857144
0.37142857142857144
0.37142857142857144
0.37142857142857144
0.37142857142857144
0.37142857142857144
0.37142857142857144
0.37142857142857144
0.37142857142857144
0.37142857142857144
0.37142857142857144
0.37142857142857144
0.37142857142857144
0.37142857142857144
0.37142857142857144
0.37142857142857144
0.37142857142857144
0.37142857142857144
0.37142857142857144
0.37142857142857144
0.37142857142857144
0.37142857142857144
0.37142857142857144
0.37142857142857144
0.37142857142857144
0.37142857142857144
0.37142857142857144
0.37142857142857144
0.37142857142857144
0.37142857142857144
0.37142857142857144
0.37142857142857144
0.37142857142857144
0.3611111111111111
0.35135135135135137
0.34210526315789475
0.3333333333333333
0.325
0.32098765432098764
0.32098765432098764
0.32098765432098764
0.32098765432098764
0.32098765432098764
0.32098765432098764
0.32098765432098764
0.32098765432098764
0.32098765432098764
0.32098765432098764
0.32098765432098764
0.32098765432098764
0.32098765432098764
0.32098765432098764
0.32098765432098764
0.32098765432098764
0.32098765432098764
0.32098765432098764
0.32098765432098764
0.32098765432098764
0.32098765432098764
0.32098765432098764
0.32098765432098764
0.32098765432098764
0.32098765432098764
0.32098765432098764
0.32098765432098764
0.32098765432098764
0.32098765432098764
0.32098765432098764
0.32098765432098764
0.32098765432098764
0.32098765432098764
0.32098765432098764
0.32098765432098764
0.32098765432098764
0.32098765432098764
0.32098765432098764
0.32098765432098764
0.32098765432098764
0.32098765432098764
0.3170731707317073
0.3132530120481928
0.3103448275862069
0.3103448275862069
0.3103448275862069
0.3103448275862069
0.3068181818181818
0.30392156862745096
0.30392156862745096
0.30392156862745096
0.30392156862745096
0.30392156862745096
0.30392156862745096
0.30392156862745096
0.30392156862745096
0.30392156862745096
0.30392156862745096
0.30392156862745096
0.30392156862745096
0.30392156862745096
0.30392156862745096
0.30097087378640774
0.2980769230769231
0.29523809523809524
0.29245283018867924
0.2897196261682243
0.28703703703703703
0.28440366972477066
0.2818181818181818
0.27927927927927926
0.2767857142857143
0.2743362831858407
0.2719298245614035
0.26956521739130435
0.2672413793103448
0.26495726495726496
0.2627118644067797
0.2605042016806723
0.25833333333333336
0.256198347107438
0.2540983606557377
0.25203252032520324
0.25
0.248
0.24603174603174602
0.2440944881889764
0.2421875
0.24031007751937986
0.23846153846153847
0.2366412213740458
0.23484848484848486
0.23308270676691728
0.23134328358208955
0.22962962962962963
0.22794117647058823
0.22627737226277372
0.2246376811594203
0.22302158273381295
0.22142857142857142
0.2198581560283688
0.21830985915492956
0.21678321678321677
0.2152777777777778
0.21379310344827587
0.21232876712328766
0.2108843537414966
0.20945945945945946
0.2080536912751678
0.20666666666666667
0.2052980132450331
0.20394736842105263
0.20261437908496732
0.2012987012987013
0.2
0.1987179487179487
0.19745222929936307
0.1962025316455696
0.1949685534591195
0.19375
0.19254658385093168
0.19135802469135801
0.1901840490797546
0.18902439024390244
0.18787878787878787
0.18674698795180722
0.18562874251497005
0.18452380952380953
0.1834319526627219
0.18235294117647058
0.18128654970760233
0.18023255813953487
0.1791907514450867
0.1781609195402299
0.17714285714285713
0.17613636363636365
0.1751412429378531
0.17415730337078653
0.17318435754189945
0.17222222222222222
0.1712707182320442
0.17032967032967034
0.16939890710382513
0.16847826086956522
0.16756756756756758
0.16666666666666666
0.1657754010695187
0.16489361702127658
0.164021164021164
0.1631578947368421
0.16230366492146597
0.16145833333333334
0.16062176165803108
0.15979381443298968
0.15897435897435896
0.15816326530612246
0.15736040609137056
0.15656565656565657
0.15577889447236182
0.155
0.15422885572139303
0.15346534653465346
0.15270935960591134
0.15196078431372548
0.15121951219512195
0.15048543689320387
0.1497584541062802
0.14903846153846154
0.14832535885167464
0.14761904761904762
0.14691943127962084
0.14622641509433962
0.14553990610328638
0.14485981308411214
0.14418604651162792
0.14351851851851852
0.14285714285714285
0.14220183486238533
0.1415525114155251
0.1409090909090909
0.14027149321266968
0.13963963963963963
0.13901345291479822
0.13839285714285715
0.13777777777777778
0.13716814159292035
0.13656387665198239
0.13596491228070176
0.13537117903930132
0.13478260869565217
0.1341991341991342
0.1336206896551724
0.13304721030042918
0.13247863247863248
0.13191489361702127
0.13135593220338984
0.1308016877637131
0.13025210084033614
0.1297071129707113
0.12916666666666668
0.12863070539419086
0.128099173553719
0.12757201646090535
0.12704918032786885
0.12653061224489795
0.12601626016260162
0.12550607287449392
0.125
0.12449799196787148
0.124
0.12350597609561753
0.12301587301587301
0.1225296442687747
0.1220472440944882
0.12156862745098039
0.12109375
0.12062256809338522
0.12015503875968993
0.11969111969111969
0.11923076923076924
0.11877394636015326
0.1183206106870229
0.11787072243346007
0.11742424242424243
0.1169811320754717
0.11654135338345864
0.11610486891385768
0.11567164179104478
0.11524163568773234
0.11481481481481481
0.11439114391143912
0.11397058823529412
0.11355311355311355
0.11313868613138686
0.11272727272727273
0.11231884057971014
0.11191335740072202
0.11151079136690648
0.1111111111111111
0.11071428571428571
0.1103202846975089
0.1099290780141844
0.10954063604240283
0.10915492957746478
0.10877192982456141
0.10839160839160839
0.10801393728222997
0.1076388888888889
0.10726643598615918
0.10689655172413794
0.10652920962199312
0.10616438356164383
0.10580204778156997
0.1054421768707483
0.10508474576271186
0.10472972972972973
0.10437710437710437
0.1040268456375839
0.10367892976588629
0.10333333333333333
0.10299003322259136
0.10264900662251655
0.10231023102310231
0.10197368421052631
0.10163934426229508
0.10130718954248366
0.10097719869706841
0.10064935064935066
0.10032362459546926
0.1
0.09967845659163987
0.09935897435897435
0.09904153354632587
0.09872611464968153
0.09841269841269841
0.0981012658227848
0.09779179810725552
0.09748427672955975
0.09717868338557993
0.096875
0.09657320872274143
0.09627329192546584
0.09597523219814241
0.09567901234567901
0.09538461538461539
0.0950920245398773
0.09480122324159021
0.09451219512195122
0.09422492401215805
0.09393939393939393
0.09365558912386707
0.09337349397590361
0.09309309309309309
0.09281437125748503
0.09269662921348315
0.09269662921348315
0.09269662921348315
0.09269662921348315
0.09269662921348315
0.09269662921348315
0.09269662921348315
0.09269662921348315
0.09269662921348315
0.09269662921348315
0.09269662921348315
0.09269662921348315
0.09269662921348315
0.09269662921348315
0.09269662921348315
0.09269662921348315
0.09269662921348315
0.09269662921348315
0.09269662921348315
0.09269662921348315
0.09269662921348315
0.09269662921348315
0.09243697478991597
0.09217877094972067
0.09192200557103064
0.09166666666666666
0.09141274238227147
0.09116022099447514
0.09090909090909091
0.09065934065934066
0.09041095890410959
0.09016393442622951
0.08991825613079019
0.08967391304347826
0.08943089430894309
0.0891891891891892
0.0889487870619946
0.08870967741935484
0.08847184986595175
0.08823529411764706
0.088
0.08776595744680851
0.08753315649867374
0.0873015873015873
0.0870712401055409
0.0868421052631579
0.08661417322834646
0.08638743455497382
0.08616187989556136
0.0859375
0.08571428571428572
0.08549222797927461
0.08527131782945736
0.08505154639175258
0.08483290488431877
0.08461538461538462
0.08439897698209718
0.08418367346938775
0.08396946564885496
0.08375634517766498
0.08354430379746836
0.08333333333333333
0.08312342569269521
0.0829145728643216
0.08270676691729323
0.0825
0.08229426433915212
0.08208955223880597
0.08188585607940446
0.08168316831683169
0.08148148148148149
0.0812807881773399
0.08108108108108109
0.08088235294117647
0.08068459657701711
0.08048780487804878
0.08029197080291971
0.08009708737864078
0.07990314769975787
0.07971014492753623
0.07951807228915662
0.07932692307692307
0.07913669064748201
0.07894736842105263
0.07875894988066826
0.07857142857142857
0.07838479809976247
0.07819905213270142
0.07801418439716312
0.07783018867924528
0.07764705882352942
0.07746478873239436
0.07728337236533958
0.07710280373831775
0.07692307692307693
0.07674418604651163
0.0765661252900232
0.07645875251509054
0.07645875251509054
0.07645875251509054
0.07645875251509054
0.07645875251509054
0.07645875251509054
0.07645875251509054
0.07645875251509054
0.07645875251509054
0.07645875251509054
0.07645875251509054
0.07645875251509054
0.07645875251509054
0.07645875251509054
0.07645875251509054
0.07645875251509054
0.07645875251509054
0.07645875251509054
0.07645875251509054
0.07645875251509054
0.07645875251509054
0.07645875251509054
0.07645875251509054
0.07645875251509054
0.07645875251509054
0.07645875251509054
0.07645875251509054
0.07645875251509054
0.07645875251509054
0.07645875251509054
0.07645875251509054
0.07645875251509054
0.07645875251509054
0.07645875251509054
0.07645875251509054
0.07645875251509054
0.07645875251509054
0.07645875251509054
0.07645875251509054
0.07645875251509054
0.07645875251509054
0.07645875251509054
0.07645875251509054
0.07645875251509054
0.07645875251509054
0.07645875251509054
0.07645875251509054
0.07645875251509054
0.07645875251509054
0.07645875251509054
0.07645875251509054
0.07645875251509054
0.07645875251509054
0.07645875251509054
0.07645875251509054
0.07645875251509054
0.07645875251509054
0.07645875251509054
0.07645875251509054
0.07645875251509054
0.07645875251509054
0.07645875251509054
0.07645875251509054
0.07645875251509054
0.07645875251509054
0.07645875251509054
0.07630522088353414
0.07615230460921844
0.076
0.07584830339321358
0.07569721115537849
0.07554671968190854
0.07539682539682539
0.07524752475247524
0.07509881422924901
0.07495069033530571
0.07480314960629922
0.07465618860510806
0.07450980392156863
0.07436399217221135
0.07421875
0.07407407407407407
0.07392996108949416
0.07378640776699029
0.07364341085271318
0.0735009671179884
0.07335907335907337
0.07321772639691715
0.07307692307692308
0.07293666026871401
0.07279693486590039
0.07265774378585087
0.07251908396946564
0.07238095238095238
0.07224334600760456
0.07210626185958255
0.07196969696969698
0.07183364839319471
0.0718132854578097
0.0718132854578097
0.0718132854578097
0.0718132854578097
0.0718132854578097
0.0718132854578097
0.0718132854578097
0.0718132854578097
0.0718132854578097
0.0718132854578097
0.0718132854578097
0.0718132854578097
0.0718132854578097
0.0718132854578097
0.0718132854578097
0.0718132854578097
0.0718132854578097
0.0718132854578097
0.0718132854578097
0.0718132854578097
0.0718132854578097
0.0718132854578097
0.0718132854578097
0.0718132854578097
0.0718132854578097
0.0718132854578097
0.0718132854578097
0.0718132854578097
0.07168458781362007
0.07155635062611806
0.07155322862129145
0.07155322862129145
0.07155322862129145
0.07155322862129145
0.07155322862129145
0.07155322862129145
0.07155322862129145
0.07155322862129145
0.07155322862129145
0.07155322862129145
0.07155322862129145
0.07155322862129145
0.07155322862129145
0.07155322862129145
0.07142857142857142
0.07130434782608695
0.07118055555555555
0.07105719237435008
0.07093425605536333
0.07081174438687392
0.0706896551724138
0.0706605222734255
0.0706605222734255
0.0706605222734255
0.0706605222734255
0.0706605222734255
0.0706605222734255
0.0706605222734255
0.0706605222734255
0.0706605222734255
0.0706605222734255
0.0706605222734255
0.0706605222734255
0.0706605222734255
0.0706605222734255
0.0706605222734255
0.0706605222734255
0.0706605222734255
0.0706605222734255
0.0706605222734255
0.0706605222734255
0.0706605222734255
0.0706605222734255
0.0706605222734255
0.0706605222734255
0.0706605222734255
0.0706605222734255
0.0706605222734255
0.0706605222734255
0.0706605222734255
0.0706605222734255
0.0706605222734255
0.0706605222734255
0.0706605222734255
0.0706605222734255
0.0706605222734255
0.0706605222734255
0.0706605222734255
0.0706605222734255
0.0706605222734255
0.0706605222734255
0.0706605222734255
0.0706605222734255
0.0706605222734255
0.0706605222734255
0.0706605222734255
0.0706605222734255
0.0706605222734255
0.0706605222734255
0.0706605222734255
0.0706605222734255
0.0706605222734255
0.0706605222734255
0.0706605222734255
0.0706605222734255
0.0706605222734255
0.0706605222734255
0.0706605222734255
0.0706605222734255
0.0706605222734255
0.0706605222734255
0.0706605222734255
0.0706605222734255
0.0706605222734255
0.0706605222734255
0.0706605222734255
0.0706605222734255
0.0706605222734255
0.0706605222734255
0.0706605222734255
0.0706605222734255
0.0706605222734255
0.0705521472392638
0.07044410413476264
0.07033639143730887
0.07022900763358779
0.0701219512195122
0.0700152207001522
0.06990881458966565
0.06980273141122914
0.0696969696969697
0.06959152798789713
0.06948640483383686
0.0693815987933635
0.06927710843373494
0.06917293233082707
0.06906906906906907
0.06896551724137931
0.0688622754491018
0.0687593423019432
0.06865671641791045
0.06855439642324888
0.06845238095238096
0.06835066864784546
0.06824925816023739
0.06814814814814815
0.06804733727810651
0.06794682422451995
0.06791907514450866
0.06791907514450866
0.06791907514450866
0.06791907514450866
0.06791907514450866
0.06791907514450866
0.06791907514450866
0.06791907514450866
0.06791907514450866
0.06791907514450866
0.06791907514450866
0.06791907514450866
0.06791907514450866
0.06791907514450866
0.06791907514450866
0.06782106782106782
0.06772334293948126
0.06762589928057554
0.06752873563218391
0.06743185078909612
0.0673352435530086
0.06723891273247497
0.06714285714285714
0.06704707560627675
0.06695156695156695
0.06685633001422475
0.06676136363636363
0.06666666666666667
0.06657223796033994
0.06647807637906648
0.06638418079096045
0.06629055007052186
0.06619718309859154
0.06610407876230662
0.06601123595505617
0.06591865357643759
0.06582633053221289
0.06573426573426573
0.06564245810055866
0.06555090655509066
0.06545961002785515
0.06536856745479833
0.06527777777777778
0.0651872399445215
0.06509695290858726
0.06500691562932227
0.0
0.4482758620689655
0.4482758620689655
0.4482758620689655
0.4482758620689655
0.4482758620689655
0.4482758620689655
0.4482758620689655
0.4482758620689655
0.4482758620689655
0.4482758620689655
0.4482758620689655
0.4482758620689655
0.4482758620689655
0.4482758620689655
0.4482758620689655
0.4482758620689655
0.4482758620689655
0.4482758620689655
0.4482758620689655
0.4482758620689655
0.4482758620689655
0.4482758620689655
0.4482758620689655
0.4482758620689655
0.4482758620689655
0.4482758620689655
0.4482758620689655
0.4482758620689655
0.4482758620689655
0.4482758620689655
0.43333333333333335
0.42857142857142855
0.42857142857142855
0.42857142857142855
0.42857142857142855
0.42857142857142855
0.42857142857142855
0.42857142857142855
0.42857142857142855
0.42857142857142855
0.42857142857142855
0.42857142857142855
0.42857142857142855
0.42857142857142855
0.42857142857142855
0.42857142857142855
0.42857142857142855
0.42857142857142855
0.42857142857142855
0.42857142857142855
0.42857142857142855
0.42857142857142855
0.42857142857142855
0.42857142857142855
0.42857142857142855
0.42857142857142855
0.42857142857142855
0.42857142857142855
0.42857142857142855
0.42857142857142855
0.42857142857142855
0.42857142857142855
0.42857142857142855
0.42857142857142855
0.42857142857142855
0.42857142857142855
0.42857142857142855
0.42857142857142855
0.42857142857142855
0.42857142857142855
0.42857142857142855
0.42857142857142855
0.42857142857142855
0.42857142857142855
0.42857142857142855
0.42857142857142855
0.42857142857142855
0.42857142857142855
0.42857142857142855
0.42857142857142855
0.42857142857142855
0.42857142857142855
0.42857142857142855
0.42857142857142855
0.42857142857142855
0.42857142857142855
0.42857142857142855
0.42857142857142855
0.42857142857142855
0.42857142857142855
0.42857142857142855
0.42857142857142855
0.42391304347826086
0.41935483870967744
0.4148936170212766
0.41237113402061853
0.41237113402061853
0.41237113402061853
0.40816326530612246
0.4056603773584906
0.4056603773584906
0.4056603773584906
0.4056603773584906
0.4056603773584906
0.4056603773584906
0.4056603773584906
0.4056603773584906
0.40186915887850466
0.39814814814814814
0.39655172413793105
0.39655172413793105
0.39655172413793105
0.39655172413793105
0.39655172413793105
0.39655172413793105
0.39655172413793105
0.39655172413793105
0.39316239316239315
0.3898305084745763
0.3865546218487395
0.38333333333333336
0.38016528925619836
0.3790322580645161
0.3790322580645161
0.3790322580645161
0.376
0.373015873015873
0.3700787401574803
0.3671875
0.3643410852713178
0.362962962962963
0.362962962962963
0.362962962962963
0.362962962962963
0.362962962962963
0.362962962962963
0.3602941176470588
0.3586206896551724
0.3586206896551724
0.3586206896551724
0.3586206896551724
0.3586206896551724
0.3586206896551724
0.3586206896551724
0.3586206896551724
0.3586206896551724
0.3561643835616438
0.35374149659863946
0.35135135135135137
0.348993288590604
0.3466666666666667
0.3443708609271523
0.34394904458598724
0.34394904458598724
0.34394904458598724
0.34394904458598724
0.34394904458598724
0.34394904458598724
0.34177215189873417
0.33962264150943394
0.3395061728395062
0.3395061728395062
0.3395061728395062
0.3374233128834356
0.3353658536585366
0.3333333333333333
0.3313253012048193
0.32934131736526945
0.3273809523809524
0.32558139534883723
0.32558139534883723
0.32558139534883723
0.32558139534883723
0.3236994219653179
0.3218390804597701
0.32
0.319634703196347
0.319634703196347
0.319634703196347
0.319634703196347
0.319634703196347
0.319634703196347
0.319634703196347
0.319634703196347
0.319634703196347
0.319634703196347
0.319634703196347
0.319634703196347
0.319634703196347
0.319634703196347
0.319634703196347
0.319634703196347
0.319634703196347
0.319634703196347
0.319634703196347
0.319634703196347
0.319634703196347
0.319634703196347
0.319634703196347
0.319634703196347
0.319634703196347
0.319634703196347
0.319634703196347
0.319634703196347
0.319634703196347
0.319634703196347
0.319634703196347
0.319634703196347
0.319634703196347
0.319634703196347
0.319634703196347
0.319634703196347
0.319634703196347
0.319634703196347
0.319634703196347
0.319634703196347
0.319634703196347
0.319634703196347
0.319634703196347
0.319634703196347
0.3181818181818182
0.3167420814479638
0.3153153153153153
0.31390134529147984
0.3125
0.31196581196581197
0.31196581196581197
0.31196581196581197
0.31196581196581197
0.31196581196581197
0.31196581196581197
0.31196581196581197
0.31196581196581197
0.31196581196581197
0.31196581196581197
0.31063829787234043
0.3093220338983051
0.3080168776371308
0.3067226890756303
0.3054393305439331
0.30416666666666664
0.3029045643153527
0.30165289256198347
0.3004115226337449
0.29918032786885246
0.2979591836734694
0.2967479674796748
0.29554655870445345
0.29435483870967744
0.2931726907630522
0.292
0.2908366533864542
0.2896825396825397
0.2885375494071146
0.2874015748031496
0.28627450980392155
0.28515625
0.2840466926070039
0.28294573643410853
0.28185328185328185
0.28076923076923077
0.2796934865900383
0.2786259541984733
0.27756653992395436
0.2765151515151515
0.27547169811320754
0.2744360902255639
0.27340823970037453
0.27238805970149255
0.27137546468401486
0.27037037037037037
0.2693726937269373
0.26838235294117646
0.2673992673992674
0.2664233576642336
0.26545454545454544
0.2644927536231884
0.26353790613718414
0.26258992805755393
0.2616487455197133
0.26071428571428573
0.2597864768683274
0.25886524822695034
0.2579505300353357
0.25704225352112675
0.256140350877193
0.25524475524475526
0.25435540069686413
0.2534722222222222
0.25259515570934254
0.2517241379310345
0.2508591065292096
0.25
0.24914675767918087
0.24829931972789115
0.24745762711864408
0.24662162162162163
0.24579124579124578
0.24496644295302014
0.24414715719063546
0.24333333333333335
0.2425249169435216
0.24172185430463577
0.24092409240924093
0.24013157894736842
0.23934426229508196
0.238562091503268
0.23778501628664495
0.237012987012987
0.23624595469255663
0.23548387096774193
0.2347266881028939
0.23397435897435898
0.23322683706070288
0.23248407643312102
0.23174603174603176
0.2310126582278481
0.2302839116719243
0.22955974842767296
0.22884012539184953
0.228125
0.22741433021806853
0.2267080745341615
0.2260061919504644
0.22530864197530864
0.2246153846153846
0.22392638036809817
0.22324159021406728
0.2225609756097561
0.22188449848024316
0.22121212121212122
0.22054380664652568
0.21987951807228914
0.21921921921921922
0.218562874251497
0.21791044776119403
0.21726190476190477
0.2166172106824926
0.21597633136094674
0.2153392330383481
0.21470588235294116
0.21407624633431085
0.2134502923976608
0.21282798833819241
0.21220930232558138
0.21159420289855072
0.21098265895953758
0.21037463976945245
0.20977011494252873
0.20916905444126074
0.20857142857142857
0.20797720797720798
0.20738636363636365
0.20679886685552407
0.2062146892655367
0.2056338028169014
0.2050561797752809
0.20448179271708683
0.20391061452513967
0.20334261838440112
0.20277777777777778
0.20221606648199447
0.20165745856353592
0.20110192837465565
0.20054945054945056
0.2
0.1994535519125683
0.1989100817438692
0.1983695652173913
0.1978319783197832
0.1972972972972973
0.1967654986522911
0.19623655913978494
0.19571045576407506
0.19518716577540107
0.19466666666666665
0.19414893617021275
0.19363395225464192
0.1931216931216931
0.19261213720316622
0.19210526315789472
0.19160104986876642
0.19109947643979058
0.1906005221932115
0.19010416666666666
0.18961038961038962
0.18911917098445596
0.18863049095607234
0.18814432989690721
0.18766066838046272
0.18717948717948718
0.1867007672634271
0.18622448979591838
0.18575063613231552
0.18527918781725888
0.1848101265822785
0.18434343434343434
0.18387909319899245
0.18341708542713567
0.18295739348370926
0.1825
0.18204488778054864
0.18159203980099503
0.18114143920595532
0.1806930693069307
0.18024691358024691
0.17980295566502463
0.17936117936117937
0.17892156862745098
0.1784841075794621
0.17804878048780487
0.17761557177615572
0.17718446601941748
0.17675544794188863
0.17632850241545894
0.17590361445783131
0.17548076923076922
0.1750599520383693
0.17464114832535885
0.17422434367541767
0.1738095238095238
0.17339667458432304
0.17298578199052134
0.17257683215130024
0.1721698113207547
0.17176470588235293
0.17136150234741784
0.17096018735362997
0.1705607476635514
0.17016317016317017
0.1697674418604651
0.16937354988399073
0.16898148148148148
0.16859122401847576
0.16820276497695852
0.167816091954023
0.16743119266055045
0.16704805491990846
0.16666666666666666
0.1662870159453303
0.16590909090909092
0.1655328798185941
0.16515837104072398
0.16478555304740405
0.16441441441441443
0.16404494382022472
0.16367713004484305
0.16331096196868009
0.16294642857142858
0.16258351893095768
0.1622222222222222
0.16186252771618626
0.16150442477876106
0.16114790286975716
0.16079295154185022
0.16043956043956045
0.1600877192982456
0.15973741794310722
0.15938864628820962
0.15904139433551198
0.15869565217391304
0.15835140997830802
0.15800865800865802
0.15766738660907129
0.15732758620689655
0.15698924731182795
0.15665236051502146
0.15631691648822268
0.15598290598290598
0.15565031982942432
0.15531914893617021
0.15498938428874734
0.15466101694915255
0.1543340380549683
0.1540084388185654
0.15368421052631578
0.15336134453781514
0.1530398322851153
0.15271966527196654
0.1524008350730689
0.15208333333333332
0.15176715176715178
0.15145228215767634
0.15113871635610765
0.15082644628099173
0.15051546391752577
0.15020576131687244
0.14989733059548255
0.14959016393442623
0.1492842535787321
0.1489795918367347
0.14867617107942974
0.1483739837398374
0.14807302231237324
0.14777327935222673
0.14747474747474748
0.14717741935483872
0.14688128772635814
0.1465863453815261
0.1462925851703407
0.146
0.14570858283433133
0.1454183266932271
0.14512922465208747
0.14484126984126985
0.14455445544554454
0.1442687747035573
0.14398422090729784
0.1437007874015748
0.14341846758349705
0.14313725490196078
0.14285714285714285
0.142578125
0.14230019493177387
0.14202334630350194
0.141747572815534
0.14147286821705427
0.14119922630560927
0.14092664092664092
0.14065510597302505
0.14038461538461539
0.1401151631477927
0.13984674329501914
0.13957934990439771
0.13931297709923665
0.13904761904761906
0.13878326996197718
0.13851992409867173
0.13825757575757575
0.13799621928166353
0.13773584905660377
0.1374764595103578
0.13721804511278196
0.13696060037523453
0.13670411985018727
0.13644859813084112
0.13619402985074627
0.13594040968342644
0.13568773234200743
0.13543599257884972
0.13518518518518519
0.13493530499075784
0.13468634686346864
0.13443830570902393
0.13419117647058823
0.13394495412844037
0.1336996336996337
0.13345521023765997
0.1332116788321168
0.13296903460837886
0.13272727272727272
0.132486388384755
0.1322463768115942
0.13200723327305605
0.13176895306859207
0.13153153153153152
0.13129496402877697
0.1310592459605027
0.13082437275985664
0.13059033989266547
0.13035714285714287
0.13012477718360071
0.1298932384341637
0.12966252220248667
0.12943262411347517
0.12920353982300886
0.12897526501766785
0.12874779541446207
0.12852112676056338
0.1282952548330404
0.1280701754385965
0.12784588441331
0.12762237762237763
0.1273996509598604
0.12717770034843207
0.12695652173913044
0.1267361111111111
0.1265164644714038
0.12629757785467127
0.12607944732297063
0.12586206896551724
0.12564543889845095
0.1254295532646048
0.12521440823327615
0.125
0.12478632478632479
0.12457337883959044
0.12436115843270869
0.12414965986394558
0.12393887945670629
0.12372881355932204
0.12351945854483926
0.12331081081081081
0.12310286677908938
0.12289562289562289
0.1226890756302521
0.12248322147651007
0.12227805695142378
0.12207357859531773
0.12186978297161936
0.12166666666666667
0.12146422628951747
0.1212624584717608
0.12106135986733002
0.12086092715231789
0.1206611570247934
0.12046204620462046
0.12026359143327842
0.12006578947368421
0.11986863711001643
0.11967213114754098
0.11947626841243862
0.119281045751634
0.11908646003262642
0.11889250814332247
0.11869918699186992
0.1185064935064935
0.11831442463533225
0.11812297734627832
0.11793214862681745
0.11774193548387096
0.11755233494363929
0.11736334405144695
0.11717495987158909
0.11698717948717949
0.1168
0.11661341853035144
0.11642743221690591
0.11624203821656051
0.11605723370429252
0.11587301587301588
0.11568938193343899
0.11550632911392406
0.11532385466034756
0.11514195583596215
0.11496062992125984
0.11477987421383648
0.11459968602825746
0.11442006269592477
0.11424100156494522
0.1140625
0.11388455538221529
0.11370716510903427
0.11353032659409021
0.11335403726708075
0.11317829457364341
0.1130030959752322
0.11282843894899536
0.11265432098765432
0.11248073959938366
0.1123076923076923
0.11213517665130568
0.11196319018404909
0.11179173047473201
0.11162079510703364
0.11145038167938931
0.11128048780487805
0.1111111111111111
0.11094224924012158
0.11077389984825493
0.11060606060606061
0.11043872919818457
0.11027190332326284
0.11010558069381599
0.10993975903614457
0.10977443609022557
0.10960960960960961
0.10944527736131934
0.1092814371257485
0.10911808669656203
0.10895522388059702
0.10879284649776454
0.10863095238095238
0.10846953937592868
0.1083086053412463
0.10814814814814815
0.10798816568047337
0.10782865583456426
0.10766961651917405
0.10751104565537556
0.10735294117647058
0.10719530102790015
0.10703812316715543
0.10688140556368961
0.1067251461988304
0.10656934306569343
0.10641399416909621
0.10625909752547306
0.10610465116279069
0.10595065312046444
0.10579710144927536
0.10564399421128799
0.10549132947976879
0.10533910533910534
0.10518731988472622
0.10503597122302158
0.10488505747126436
0.10473457675753228
0.10458452722063037
0.1044349070100143
0.10428571428571429
0.10413694721825963
0.10398860398860399
0.10384068278805121
0.10369318181818182
0.10354609929078014
0.10339943342776203
0.10325318246110325
0.10310734463276836
0.10296191819464035
0.1028169014084507
0.10267229254571027
0.10252808988764045
0.10238429172510519
0.10224089635854341
0.1020979020979021
0.10195530726256984
0.10192837465564739
0.10192837465564739
0.10192837465564739
0.10192837465564739
0.10192837465564739
0.10192837465564739
0.10192837465564739
0.10192837465564739
0.10192837465564739
0.10192837465564739
0.10178817056396149
0.10164835164835165
0.10150891632373114
0.10136986301369863
0.1012311901504788
0.10109289617486339
0.1009549795361528
0.1008174386920981
0.10068027210884353
0.10054347826086957
0.10040705563093623
0.1002710027100271
0.10013531799729364
0.1
0.09986504723346828
0.09973045822102426
0.09959623149394348
0.09946236559139784
0.09932885906040269
0.09919571045576407
0.09906291834002677
0.09893048128342247
0.09879839786381843
0.09866666666666667
0.0985352862849534
0.09840425531914894
0.09827357237715803
0.09814323607427056
0.09801324503311258
0.09788359788359788
0.0977542932628798
0.09762532981530343
0.09749670619235837
0.09736842105263158
0.09724047306176084
0.09711286089238845
0.09698558322411534
0.0968586387434555
0.09673202614379085
0.09660574412532637
0.09647979139504563
0.09635416666666667
0.09622886866059818
0.09610389610389611
0.0959792477302205
0.09585492227979274
0.09573091849935317
0.09560723514211886
0.09548387096774194
0.09536082474226804
0.09523809523809523
0.09511568123393316
0.09499358151476252
0.09487179487179487
0.09475032010243278
0.09462915601023018
0.09450830140485313
0.09438775510204081
0.09426751592356689
0.09414758269720101
0.0940279542566709
0.09390862944162437
0.09378960709759189
0.09367088607594937
0.09355246523388117
0.09343434343434344
0.09331651954602774
0.09319899244332494
0.0930817610062893
0.09296482412060302
0.09284818067754078
0.09273182957393483
0.09261576971214018
0.0925
0.09238451935081149
0.09226932668329177
0.0921544209215442
0.09203980099502487
0.09192546583850932
0.09181141439205956
0.09169764560099132
0.09158415841584158
0.09147095179233622
0.09135802469135802
0.09124537607891492
0.09113300492610837
0.0910209102091021
0.09090909090909091
0.09079754601226994
0.09068627450980392
0.09057527539779682
0.09046454767726161
0.09035409035409035
0.09024390243902439
0.09013398294762484
0.09002433090024331
0.0899149453219927
0.08980582524271845
0.08969696969696969
0.08958837772397095
0.08948004836759371
0.0893719806763285
0.08926417370325694
0.0891566265060241
0.08904933814681107
0.0889423076923077
0.08883553421368548
0.08872901678657075
0.08862275449101796
0.08851674641148326
0.0884109916367981
0.0883054892601432
0.08820023837902265
0.0880952380952381
0.08799048751486326
0.08788598574821853
0.08778173190984578
0.08767772511848342
0.08757396449704143
0.08747044917257683
0.08736717827626919
0.08726415094339622
0.08716136631330977
0.08705882352941176
0.08695652173913043
0.08685446009389672
0.08675263774912075
0.08665105386416862
0.08654970760233918
0.08644859813084112
0.08634772462077013
0.08624708624708624
0.08614668218859138
0.08604651162790698
0.0859465737514518
0.08584686774941995
0.08574739281575898
0.08564814814814815
0.08554913294797688
0.08545034642032333
0.0853517877739331
0.08525345622119816
0.08515535097813579
0.08505747126436781
0.08495981630309989
0.08486238532110092
0.08476517754868271
0.08466819221967964
0.08457142857142858
0.08447488584474885
0.08437856328392246
0.08428246013667426
0.08418657565415244
0.08409090909090909
0.08399545970488081
0.08390022675736962
0.08380520951302378
0.083710407239819
0.08361581920903954
0.0835214446952596
0.0834272829763247
0.08333333333333333
0.08323959505061868
0.08314606741573034
0.08305274971941638
0.08295964125560538
0.08286674132138858
0.08277404921700224
0.08268156424581005
0.08258928571428571
0.08249721293199554
0.08240534521158129
0.08231368186874305
0.08222222222222222
0.08213096559378469
0.082039911308204
0.08194905869324474
0.08187772925764192
0.08187772925764192
0.08187772925764192
0.08187772925764192
0.08187772925764192
0.08187772925764192
0.08187772925764192
0.08187772925764192
0.08187772925764192
0.08187772925764192
0.08187772925764192
0.08187772925764192
0.08187772925764192
0.08180839612486544
0.08180839612486544
0.08180839612486544
0.08180839612486544
0.08180839612486544
0.08180839612486544
0.08180839612486544
0.08180839612486544
0.08180839612486544
0.08180839612486544
0.08180839612486544
0.08180839612486544
0.08180839612486544
0.08172043010752689
0.08163265306122448
0.0815450643776824
0.08145766345123258
0.08137044967880086
0.08128342245989305
0.0811965811965812
0.08110992529348986
0.08102345415778252
0.08093716719914804
0.08085106382978724
0.08076514346439957
0.08067940552016985
0.08059384941675504
0.08050847457627118
0.08042328042328042
0.080338266384778
0.08025343189017951
0.08016877637130802
0.08008429926238145
0.08
0.07991587802313355
0.07983193277310924
0.07979274611398963
0.07979274611398963
0.07979274611398963
0.07979274611398963
0.07979274611398963
0.07979274611398963
0.07979274611398963
0.07979274611398963
0.07979274611398963
0.07979274611398963
0.07979274611398963
0.07979274611398963
0.07979274611398963
0.07971014492753623
0.0796277145811789
0.07954545454545454
0.07946336429308566
0.07938144329896907
0.07929969104016478
0.07921810699588477
0.07913669064748201
0.07905544147843943
0.07897435897435898
0.07889344262295082
0.07883817427385892
0.07883817427385892
0.07883817427385892
0.07883817427385892
0.07883817427385892
0.07883817427385892
0.07883817427385892
0.07883817427385892
0.07883817427385892
0.07883817427385892
0.07883817427385892
0.07883817427385892
0.07883817427385892
0.07883817427385892
0.07883817427385892
0.07883817427385892
0.07883817427385892
0.07883817427385892
0.07883817427385892
0.07883817427385892
0.07883817427385892
0.07883817427385892
0.07883817427385892
0.07883817427385892
0.07883817427385892
0.07883817427385892
0.07883817427385892
0.07883817427385892
0.07883817427385892
0.07883817427385892
0.07883817427385892
0.07883817427385892
0.07883817427385892
0.07883817427385892
0.07883817427385892
0.07883817427385892
0.07883817427385892
0.07883817427385892
0.07883817427385892
0.07883817427385892
0.07883817427385892
0.07883817427385892
0.07883817427385892
0.07883817427385892
0.07883817427385892
0.07883817427385892
0.07883817427385892
0.07883817427385892
0.07883817427385892
0.07883817427385892
0.07883817427385892
0.07883817427385892
0.07883817427385892
0.07883817427385892
0.07883817427385892
0.07883817427385892
0.07883817427385892
0.07883817427385892
0.07883817427385892
0.07883817427385892
0.07883817427385892
0.07883817427385892
0.07883817427385892
0.07883817427385892
0.07883817427385892
0.07883817427385892
0.07883817427385892
0.07883817427385892
0.07883817427385892
0.07883817427385892
0.07883817427385892
0.07883817427385892
0.07883817427385892
0.07883817427385892
0.07883817427385892
0.07883817427385892
0.07883817427385892
0.07883817427385892
0.07883817427385892
0.07883817427385892
0.07883817427385892
0.07883817427385892
0.07883817427385892
0.07883817427385892
0.07883817427385892
0.07883817427385892
0.07883817427385892
0.07883817427385892
0.07883817427385892
0.07883817427385892
0.07883817427385892
0.07883817427385892
0.07883817427385892
0.07883817427385892
0.07883817427385892
0.07883817427385892
0.07883817427385892
0.07883817427385892
0.07883817427385892
0.07883817427385892
0.07883817427385892
0.07883817427385892
0.07883817427385892
0.07883817427385892
0.07883817427385892
0.07883817427385892
0.07883817427385892
0.07883817427385892
0.07883817427385892
0.07883817427385892
0.07883817427385892
0.07883817427385892
0.07883817427385892
0.07883817427385892
0.07883817427385892
0.07883817427385892
0.07883817427385892
0.07883817427385892
0.07883817427385892
0.07883817427385892
0.07883817427385892
0.07883817427385892
0.07883817427385892
0.07883817427385892
0.07883817427385892
0.07883817427385892
0.07883817427385892
0.07883817427385892
0.07883817427385892
0.07883817427385892
0.07883817427385892
0.07883817427385892
0.07883817427385892
0.07883817427385892
0.07883817427385892
0.07883817427385892
0.07883817427385892
0.07883817427385892
0.07883817427385892
0.07883817427385892
0.07883817427385892
0.07883817427385892
0.07883817427385892
0.07883817427385892
0.07883817427385892
0.07883817427385892
0.07883817427385892
0.07883817427385892
0.07883817427385892
0.07883817427385892
0.07883817427385892
0.07883817427385892
0.07883817427385892
0.07883817427385892
0.07883817427385892
0.07883817427385892
0.07883817427385892
0.07883817427385892
0.07883817427385892
0.07883817427385892
0.07883817427385892
0.07883817427385892
0.07883817427385892
0.07883817427385892
0.07883817427385892
0.07883817427385892
0.07883817427385892
0.07883817427385892
0.07883817427385892
0.07883817427385892
0.07883817427385892
0.07883817427385892
0.07883817427385892
0.07883817427385892
0.07883817427385892
0.07883817427385892
0.07883817427385892
0.07883817427385892
0.07883817427385892
0.07883817427385892
0.07883817427385892
0.07883817427385892
0.07883817427385892
0.07883817427385892
0.07883817427385892
0.07883817427385892
0.07883817427385892
0.07883817427385892
0.07883817427385892
0.07883817427385892
0.07883817427385892
0.07883817427385892
0.07883817427385892
0.07883817427385892
0.07883817427385892
0.07883817427385892
0.07883817427385892
0.07883817427385892
0.07883817427385892
0.07883817427385892
0.07883817427385892
0.07883817427385892
0.07883817427385892
0.07883817427385892
0.07883817427385892
0.07883817427385892
0.07883817427385892
0.07883817427385892
0.07883817427385892
0.07883817427385892
0.07883817427385892
0.07883817427385892
0.07883817427385892
0.07883817427385892
0.07883817427385892
0.07883817427385892
0.07883817427385892
0.07883817427385892
0.07883817427385892
0.07883817427385892
0.07883817427385892
0.07883817427385892
0.07883817427385892
0.07883817427385892
0.07883817427385892
0.07883817427385892
0.07883817427385892
0.07883817427385892
0.07883817427385892
0.07883817427385892
0.07883817427385892
0.07883817427385892
0.07883817427385892
0.07883817427385892
0.07883817427385892
0.07883817427385892
0.07883817427385892
0.07883817427385892
0.07883817427385892
0.07883817427385892
0.07883817427385892
0.07883817427385892
0.07883817427385892
0.07883817427385892
0.07883817427385892
0.07883817427385892
0.07883817427385892
0.07883817427385892
0.07883817427385892
0.07883817427385892
0.07883817427385892
0.07883817427385892
0.07883817427385892
0.07883817427385892
0.07883817427385892
0.07883817427385892
0.07883817427385892
0.07883817427385892
0.07883817427385892
0.07883817427385892
0.07883817427385892
0.07883817427385892
0.07883817427385892
0.07883817427385892
0.07883817427385892
0.07883817427385892
0.07883817427385892
0.07883817427385892
0.07883817427385892
0.07883817427385892
0.07883817427385892
0.07883817427385892
0.07883817427385892
0.07883817427385892
0.07883817427385892
0.07883817427385892
0.07883817427385892
0.07883817427385892
0.07883817427385892
0.07883817427385892
0.07883817427385892
0.07883817427385892
0.07883817427385892
0.07883817427385892
0.07883817427385892
0.07883817427385892
0.07883817427385892
0.07883817427385892
0.07883817427385892
0.07883817427385892
0.07883817427385892
0.07883817427385892
0.07883817427385892
0.07883817427385892
0.07883817427385892
0.07883817427385892
0.07883817427385892
0.07883817427385892
0.07883817427385892
0.07883817427385892
0.07883817427385892
0.07883817427385892
0.07883817427385892
0.07883817427385892
0.07883817427385892
0.07883817427385892
0.07883817427385892
0.07883817427385892
0.07883817427385892
0.07883817427385892
0.07883817427385892
0.07883817427385892
0.07883817427385892
0.07883817427385892
0.07883817427385892
0.07883817427385892
0.07883817427385892
0.07883817427385892
0.07883817427385892
0.07883817427385892
0.07883817427385892
0.07883817427385892
0.07883817427385892
0.07883817427385892
0.07883817427385892
0.07883817427385892
0.07883817427385892
0.07883817427385892
0.07883817427385892
0.07883817427385892
0.07883817427385892
0.07883817427385892
0.07883817427385892
0.07883817427385892
0.07883817427385892
0.07883817427385892
0.07883817427385892
0.07883817427385892
0.07883817427385892
0.07883817427385892
0.07883817427385892
0.07883817427385892
0.07883817427385892
0.07883817427385892
0.07883817427385892
0.07883817427385892
0.07883817427385892
0.07883817427385892
0.07883817427385892
0.07883817427385892
0.07883817427385892
0.07883817427385892
0.07883817427385892
0.07883817427385892
0.07883817427385892
0.07883817427385892
0.07883817427385892
0.07883817427385892
0.07883817427385892
0.07883817427385892
0.07883817427385892
0.07883817427385892
0.07883817427385892
0.07883817427385892
0.07883817427385892
0.07883817427385892
0.07883817427385892
0.07883817427385892
0.07883817427385892
0.07883817427385892
0.07883817427385892
0.07883817427385892
0.07883817427385892
0.07883817427385892
0.07883817427385892
0.07883817427385892
0.07883817427385892
0.07883817427385892
0.07883817427385892
0.07883817427385892
0.07883817427385892
0.07883817427385892
0.07883817427385892
0.07883817427385892
0.07883817427385892
0.07883817427385892
0.07883817427385892
0.07883817427385892
0.07883817427385892
0.07883817427385892
0.07883817427385892
0.07883817427385892
0.07883817427385892
0.07883817427385892
0.07883817427385892
0.07883817427385892
0.07883817427385892
0.07883817427385892
0.07883817427385892
0.07883817427385892
0.07883817427385892
0.07883817427385892
0.07883817427385892
0.07883817427385892
0.07883817427385892
0.07883817427385892
0.07883817427385892
0.07883817427385892
0.07883817427385892
0.07883817427385892
0.07883817427385892
0.07883817427385892
0.07883817427385892
0.07883817427385892
0.07883817427385892
0.07883817427385892
0.07883817427385892
0.07883817427385892
0.07883817427385892
0.07883817427385892
0.07883817427385892
0.07883817427385892
0.07883817427385892
0.07883817427385892
0.07883817427385892
0.07883817427385892
0.07883817427385892
0.07883817427385892
0.07883817427385892
0.07883817427385892
0.07883817427385892
0.07883817427385892
0.07883817427385892
0.07883817427385892
0.07883817427385892
0.07883817427385892
0.07883817427385892
0.07883817427385892
0.07883817427385892
0.07883817427385892
0.07883817427385892
0.07883817427385892
0.07883817427385892
0.07883817427385892
0.07883817427385892
0.07883817427385892
0.07883817427385892
0.07883817427385892
0.07883817427385892
0.07883817427385892
0.07883817427385892
0.07883817427385892
0.07883817427385892
0.07883817427385892
0.07883817427385892
0.07883817427385892
0.07883817427385892
0.07883817427385892
0.07883817427385892
0.07883817427385892
0.07883817427385892
0.07883817427385892
0.07883817427385892
0.07883817427385892
0.07883817427385892
0.07883817427385892
0.07883817427385892
0.07883817427385892
0.07883817427385892
0.07883817427385892
0.07878369039391846
0.0787292817679558
0.07867494824016563
0.07862068965517241
0.07856650585802895
0.07851239669421488
0.07845836200963524
0.07840440165061899
0.07839127471029311
0.07839127471029311
0.07839127471029311
0.07839127471029311
0.07839127471029311
0.07839127471029311
0.07839127471029311
0.07839127471029311
0.07839127471029311
0.07839127471029311
0.07839127471029311
0.07839127471029311
0.07839127471029311
0.07833787465940055
0.07828454731109598
0.0782312925170068
0.07817811012916383
0.078125
0.07807196198234895
0.0780189959294437
0.07796610169491526
0.07791327913279132
0.07786052809749493
0.07780784844384303
0.0777552400270453
0.0777027027027027
0.07765023632680622
0.07759784075573549
0.07754551584625759
0.07749326145552561
0.07744107744107744
0.07738896366083446
0.0773369199731002
0.07728494623655914
0.07723304231027535
0.07718120805369127
0.07712944332662643
0.07707774798927614
0.07707641196013289
0.07707641196013289
0.07707641196013289
0.07707641196013289
0.07707641196013289
0.07707641196013289
0.07707641196013289
0.07707641196013289
0.07707641196013289
0.07707641196013289
0.07707641196013289
0.07707641196013289
0.07707641196013289
0.07702523240371846
0.07697412076974121
0.07692307692307693
0.07687210072895957
0.07682119205298013
0.07677035076108538
0.07671957671957672
0.07666886979510905
0.07661822985468957
0.07656765676567656
0.07651715039577836
0.07646671061305207
0.0764163372859025
0.07636603028308098
0.07631578947368421
0.0762656147271532
0.07621550591327202
0.07616546290216678
0.07611548556430446
0.0760655737704918
0.07601572739187418
0.07596594629993451
0.07591623036649214
0.07586657946370176
0.07581699346405228
0.07576747224036577
0.07571801566579635
0.07566862361382909
0.07561929595827901
0.0755700325732899
0.07552083333333333
0.07547169811320754
0.0754226267880364
0.07537361923326835
0.07532467532467532
0.07527579493835172
0.07522697795071336
0.07517822423849643
0.07512953367875648
0.07508090614886731
0.07503234152652005
0.07498383968972204
0.07493540051679587
0.07488702388637831
0.07483870967741936
0.07479045776918117
0.07474226804123711
0.0746941403734707
0.07464607464607464
0.07459807073954984
0.07455012853470437
0.07450224791265253
0.07446808510638298
0.07446808510638298
0.07446808510638298
0.07446808510638298
0.07446808510638298
0.07446808510638298
0.07446808510638298
0.07446808510638298
0.07446808510638298
0.07446808510638298
0.07446808510638298
0.07446808510638298
0.07446808510638298
0.07446808510638298
0.07446808510638298
0.07446808510638298
0.07446808510638298
0.07446808510638298
0.07446808510638298
0.07446808510638298
0.07446808510638298
0.07446808510638298
0.07446808510638298
0.07446808510638298
0.07446808510638298
0.07446808510638298
0.07446808510638298
0.07446808510638298
0.07446808510638298
0.07446808510638298
0.07446808510638298
0.07446808510638298
0.07446808510638298
0.07446808510638298
0.07446808510638298
0.07446808510638298
0.07446808510638298
0.07446808510638298
0.07446808510638298
0.07446808510638298
0.07446808510638298
0.07442151344590368
0.0
