0.0
0.0
0.0
0.0
0.0
0.0
0.0
0.0023752970155328512
0.0023752970155328512
0.0023752970155328512
0.0023752970155328512
0.0023752970155328512
0.0047505940310657024
0.0047505940310657024
0.00712589081376791
0.009501188062131405
0.009501188062131405
0.009501188062131405
0.011876484379172325
0.011876484379172325
0.011876484379172325
0.01425178162753582
0.01425178162753582
0.01425178162753582
0.01425178162753582
0.01425178162753582
0.01425178162753582
0.01425178162753582
0.016627078875899315
0.01900237612426281
0.021377671509981155
0.02375296875834465
0.02375296875834465
0.026128266006708145
0.02850356325507164
0.030878860503435135
0.030878860503435135
0.030878860503435135
0.030878860503435135
0.030878860503435135
0.030878860503435135
0.030878860503435135
0.030878860503435135
0.030878860503435135
0.030878860503435135
0.030878860503435135
0.030878860503435135
0.030878860503435135
0.030878860503435135
0.030878860503435135
0.030878860503435135
0.030878860503435135
0.030878860503435135
0.030878860503435135
0.03325415775179863
0.03325415775179863
0.03325415775179863
0.03325415775179863
0.035629455000162125
0.03800475224852562
0.03800475224852562
0.040380045771598816
0.04275534301996231
0.045130640268325806
0.045130640268325806
0.045130640268325806
0.045130640268325806
0.045130640268325806
0.045130640268325806
0.045130640268325806
0.045130640268325806
0.045130640268325806
0.0475059375166893
0.049881234765052795
0.049881234765052795
0.049881234765052795
0.05225653201341629
0.054631829261779785
0.05700712651014328
0.05700712651014328
0.059382423758506775
0.06175772100687027
0.06175772100687027
0.06175772100687027
0.06175772100687027
0.06175772100687027
0.06175772100687027
0.06413301825523376
0.06413301825523376
0.06413301825523376
0.06413301825523376
0.06413301825523376
0.06413301825523376
0.06413301825523376
0.06413301825523376
0.06413301825523376
0.06650831550359726
0.06888361275196075
0.06888361275196075
0.07125891000032425
0.07125891000032425
0.07125891000032425
0.07363420724868774
0.07363420724868774
0.07363420724868774
0.07363420724868774
0.07363420724868774
0.07363420724868774
0.07363420724868774
0.07363420724868774
0.07363420724868774
0.07363420724868774
0.07363420724868774
0.07363420724868774
0.07363420724868774
0.07363420724868774
0.07363420724868774
0.07363420724868774
0.07363420724868774
0.07363420724868774
0.07363420724868774
0.07363420724868774
0.07363420724868774
0.07363420724868774
0.07363420724868774
0.07363420724868774
0.07363420724868774
0.07363420724868774
0.07363420724868774
0.07363420724868774
0.07363420724868774
0.07363420724868774
0.07363420724868774
0.07363420724868774
0.07363420724868774
0.07363420724868774
0.07363420724868774
0.07363420724868774
0.07363420724868774
0.07363420724868774
0.07363420724868774
0.07363420724868774
0.07363420724868774
0.07363420724868774
0.07363420724868774
0.07363420724868774
0.07363420724868774
0.07363420724868774
0.07363420724868774
0.07363420724868774
0.07363420724868774
0.07363420724868774
0.07363420724868774
0.07363420724868774
0.07363420724868774
0.07363420724868774
0.07363420724868774
0.07363420724868774
0.07363420724868774
0.07363420724868774
0.07363420724868774
0.07363420724868774
0.07363420724868774
0.07363420724868774
0.07363420724868774
0.07363420724868774
0.07363420724868774
0.07363420724868774
0.07363420724868774
0.07363420724868774
0.07363420724868774
0.07363420724868774
0.07363420724868774
0.07363420724868774
0.07363420724868774
0.07363420724868774
0.07363420724868774
0.07363420724868774
0.07363420724868774
0.07363420724868774
0.07363420724868774
0.07363420724868774
0.07363420724868774
0.07363420724868774
0.07363420724868774
0.07363420724868774
0.07363420724868774
0.07363420724868774
0.07363420724868774
0.07363420724868774
0.07363420724868774
0.07363420724868774
0.07363420724868774
0.07363420724868774
0.07363420724868774
0.07363420724868774
0.07363420724868774
0.07363420724868774
0.07363420724868774
0.07363420724868774
0.07363420724868774
0.07363420724868774
0.07363420724868774
0.07363420724868774
0.07363420724868774
0.07363420724868774
0.07363420724868774
0.07363420724868774
0.07363420724868774
0.07363420724868774
0.07363420724868774
0.07363420724868774
0.07363420724868774
0.07363420724868774
0.07363420724868774
0.07363420724868774
0.07363420724868774
0.07363420724868774
0.07363420724868774
0.07363420724868774
0.07363420724868774
0.07363420724868774
0.07363420724868774
0.07363420724868774
0.07363420724868774
0.07363420724868774
0.07363420724868774
0.07363420724868774
0.07363420724868774
0.07363420724868774
0.07363420724868774
0.07363420724868774
0.07363420724868774
0.07363420724868774
0.07363420724868774
0.07363420724868774
0.07363420724868774
0.07363420724868774
0.07363420724868774
0.07363420724868774
0.07363420724868774
0.07363420724868774
0.07363420724868774
0.07363420724868774
0.07363420724868774
0.07363420724868774
0.07363420724868774
0.07363420724868774
0.07363420724868774
0.07363420724868774
0.07363420724868774
0.07363420724868774
0.07363420724868774
0.07363420724868774
0.07363420724868774
0.07363420724868774
0.07363420724868774
0.07363420724868774
0.07363420724868774
0.07363420724868774
0.07363420724868774
0.07363420724868774
0.07363420724868774
0.07363420724868774
0.07363420724868774
0.07363420724868774
0.07363420724868774
0.07363420724868774
0.07363420724868774
0.07363420724868774
0.07363420724868774
0.07363420724868774
0.07363420724868774
0.07363420724868774
0.07363420724868774
0.07363420724868774
0.07363420724868774
0.07363420724868774
0.07363420724868774
0.07363420724868774
0.07363420724868774
0.07363420724868774
0.07363420724868774
0.07363420724868774
0.07363420724868774
0.07363420724868774
0.07363420724868774
0.07363420724868774
0.07363420724868774
0.07363420724868774
0.07363420724868774
0.07363420724868774
0.07363420724868774
0.07363420724868774
0.07363420724868774
0.07363420724868774
0.07363420724868774
0.07363420724868774
0.07363420724868774
0.07363420724868774
0.07363420724868774
0.07363420724868774
0.07363420724868774
0.07363420724868774
0.07363420724868774
0.07363420724868774
0.07363420724868774
0.07363420724868774
0.07363420724868774
0.07363420724868774
0.07363420724868774
0.07363420724868774
0.07363420724868774
0.07363420724868774
0.07363420724868774
0.07363420724868774
0.07363420724868774
0.07363420724868774
0.07363420724868774
0.07363420724868774
0.07363420724868774
0.07363420724868774
0.07363420724868774
0.07363420724868774
0.07363420724868774
0.07363420724868774
0.07363420724868774
0.07363420724868774
0.07363420724868774
0.07363420724868774
0.07363420724868774
0.07363420724868774
0.07363420724868774
0.07363420724868774
0.07363420724868774
0.07363420724868774
0.07363420724868774
0.07363420724868774
0.07363420724868774
0.07363420724868774
0.07363420724868774
0.07363420724868774
0.07363420724868774
0.07363420724868774
0.07363420724868774
0.07363420724868774
0.07363420724868774
0.07363420724868774
0.07363420724868774
0.07363420724868774
0.07363420724868774
0.07363420724868774
0.07363420724868774
0.07363420724868774
0.07363420724868774
0.07600950449705124
0.07838480174541473
0.07838480174541473
0.07838480174541473
0.07838480174541473
0.07838480174541473
0.07838480174541473
0.07838480174541473
0.07838480174541473
0.07838480174541473
0.07838480174541473
0.07838480174541473
0.07838480174541473
0.07838480174541473
0.07838480174541473
0.07838480174541473
0.07838480174541473
0.07838480174541473
0.07838480174541473
0.07838480174541473
0.07838480174541473
0.07838480174541473
0.07838480174541473
0.07838480174541473
0.07838480174541473
0.07838480174541473
0.07838480174541473
0.07838480174541473
0.07838480174541473
0.07838480174541473
0.07838480174541473
0.07838480174541473
0.07838480174541473
0.07838480174541473
0.07838480174541473
0.07838480174541473
0.07838480174541473
0.07838480174541473
0.07838480174541473
0.07838480174541473
0.07838480174541473
0.07838480174541473
0.07838480174541473
0.07838480174541473
0.07838480174541473
0.07838480174541473
0.07838480174541473
0.07838480174541473
0.07838480174541473
0.07838480174541473
0.07838480174541473
0.07838480174541473
0.07838480174541473
0.07838480174541473
0.07838480174541473
0.07838480174541473
0.07838480174541473
0.07838480174541473
0.07838480174541473
0.07838480174541473
0.07838480174541473
0.07838480174541473
0.07838480174541473
0.07838480174541473
0.07838480174541473
0.07838480174541473
0.07838480174541473
0.07838480174541473
0.07838480174541473
0.07838480174541473
0.07838480174541473
0.07838480174541473
0.07838480174541473
0.07838480174541473
0.07838480174541473
0.07838480174541473
0.07838480174541473
0.07838480174541473
0.07838480174541473
0.07838480174541473
0.07838480174541473
0.07838480174541473
0.07838480174541473
0.07838480174541473
0.07838480174541473
0.07838480174541473
0.07838480174541473
0.07838480174541473
0.07838480174541473
0.07838480174541473
0.07838480174541473
0.07838480174541473
0.07838480174541473
0.07838480174541473
0.07838480174541473
0.07838480174541473
0.07838480174541473
0.07838480174541473
0.07838480174541473
0.07838480174541473
0.07838480174541473
0.07838480174541473
0.07838480174541473
0.07838480174541473
0.07838480174541473
0.07838480174541473
0.07838480174541473
0.07838480174541473
0.07838480174541473
0.07838480174541473
0.08076009154319763
0.08076009154319763
0.08076009154319763
0.08076009154319763
0.08076009154319763
0.08076009154319763
0.08076009154319763
0.08076009154319763
0.08076009154319763
0.08076009154319763
0.08076009154319763
0.08076009154319763
0.08076009154319763
0.08076009154319763
0.08076009154319763
0.08076009154319763
0.08076009154319763
0.08076009154319763
0.08076009154319763
0.08076009154319763
0.08076009154319763
0.08076009154319763
0.08313538879156113
0.08313538879156113
0.08313538879156113
0.08313538879156113
0.08313538879156113
0.08313538879156113
0.08551068603992462
0.08788598328828812
0.08788598328828812
0.08788598328828812
0.09026128053665161
0.09026128053665161
0.09026128053665161
0.09026128053665161
0.09026128053665161
0.09026128053665161
0.09026128053665161
0.09026128053665161
0.09026128053665161
0.09026128053665161
0.09026128053665161
0.09026128053665161
0.09026128053665161
0.09026128053665161
0.09026128053665161
0.09026128053665161
0.09026128053665161
0.09026128053665161
0.09026128053665161
0.09026128053665161
0.09026128053665161
0.09026128053665161
0.09026128053665161
0.09026128053665161
0.09026128053665161
0.09026128053665161
0.09026128053665161
0.09026128053665161
0.09026128053665161
0.09026128053665161
0.09026128053665161
0.09026128053665161
0.09026128053665161
0.09026128053665161
0.09026128053665161
0.09026128053665161
0.09026128053665161
0.09026128053665161
0.09026128053665161
0.09026128053665161
0.09026128053665161
0.09026128053665161
0.09026128053665161
0.09026128053665161
0.09026128053665161
0.09026128053665161
0.09026128053665161
0.09026128053665161
0.09026128053665161
0.09026128053665161
0.09026128053665161
0.09026128053665161
0.09026128053665161
0.09026128053665161
0.09026128053665161
0.09026128053665161
0.09026128053665161
0.09026128053665161
0.0926365777850151
0.0926365777850151
0.0950118750333786
0.0950118750333786
0.0950118750333786
0.0950118750333786
0.0950118750333786
0.0950118750333786
0.0950118750333786
0.0950118750333786
0.0950118750333786
0.0950118750333786
0.0950118750333786
0.0950118750333786
0.0950118750333786
0.0950118750333786
0.0950118750333786
0.0950118750333786
0.0973871722817421
0.0973871722817421
0.0973871722817421
0.0973871722817421
0.0973871722817421
0.0973871722817421
0.0973871722817421
0.0973871722817421
0.0973871722817421
0.0973871722817421
0.0973871722817421
0.0973871722817421
0.0973871722817421
0.0973871722817421
0.0973871722817421
0.0973871722817421
0.0973871722817421
0.0973871722817421
0.0973871722817421
0.0973871722817421
0.0973871722817421
0.0973871722817421
0.0973871722817421
0.0973871722817421
0.0973871722817421
0.0973871722817421
0.0973871722817421
0.0973871722817421
0.0973871722817421
0.0973871722817421
0.0973871722817421
0.0973871722817421
0.0973871722817421
0.0973871722817421
0.0973871722817421
0.0973871722817421
0.0973871722817421
0.0973871722817421
0.0973871722817421
0.0973871722817421
0.0973871722817421
0.0973871722817421
0.0973871722817421
0.0973871722817421
0.0973871722817421
0.0973871722817421
0.09976246953010559
0.09976246953010559
0.09976246953010559
0.09976246953010559
0.09976246953010559
0.09976246953010559
0.09976246953010559
0.10213776677846909
0.10451306402683258
0.10451306402683258
0.10451306402683258
0.10451306402683258
0.10451306402683258
0.10451306402683258
0.10451306402683258
0.10451306402683258
0.10451306402683258
0.10451306402683258
0.10451306402683258
0.10451306402683258
0.10451306402683258
0.10451306402683258
0.10688836127519608
0.10688836127519608
0.10688836127519608
0.10688836127519608
0.10688836127519608
0.10688836127519608
0.10688836127519608
0.10688836127519608
0.10688836127519608
0.10688836127519608
0.10926365852355957
0.10926365852355957
0.10926365852355957
0.10926365852355957
0.10926365852355957
0.10926365852355957
0.10926365852355957
0.10926365852355957
0.10926365852355957
0.10926365852355957
0.10926365852355957
0.10926365852355957
0.10926365852355957
0.10926365852355957
0.10926365852355957
0.10926365852355957
0.10926365852355957
0.10926365852355957
0.10926365852355957
0.10926365852355957
0.10926365852355957
0.10926365852355957
0.10926365852355957
0.10926365852355957
0.10926365852355957
0.10926365852355957
0.10926365852355957
0.10926365852355957
0.10926365852355957
0.10926365852355957
0.10926365852355957
0.10926365852355957
0.10926365852355957
0.10926365852355957
0.10926365852355957
0.10926365852355957
0.10926365852355957
0.10926365852355957
0.10926365852355957
0.10926365852355957
0.10926365852355957
0.11163895577192307
0.11163895577192307
0.11163895577192307
0.11163895577192307
0.11163895577192307
0.11163895577192307
0.11163895577192307
0.11163895577192307
0.11163895577192307
0.11163895577192307
0.11163895577192307
0.11163895577192307
0.11163895577192307
0.11163895577192307
0.11163895577192307
0.11163895577192307
0.11163895577192307
0.11163895577192307
0.11163895577192307
0.11163895577192307
0.11163895577192307
0.11163895577192307
0.11163895577192307
0.11163895577192307
0.11163895577192307
0.11163895577192307
0.11163895577192307
0.11163895577192307
0.11163895577192307
0.11163895577192307
0.11163895577192307
0.11163895577192307
1.0
0.0
0.0
0.0
0.0
0.0
0.0
0.001088139251805842
0.001088139251805842
0.001088139251805842
0.001088139251805842
0.001088139251805842
0.001088139251805842
0.002176278503611684
0.002176278503611684
0.002176278503611684
0.0032644178718328476
0.0032644178718328476
0.0032644178718328476
0.0032644178718328476
0.004352557007223368
0.005440696608275175
0.006528835743665695
0.007616974879056215
0.008705114014446735
0.008705114014446735
0.009793253615498543
0.01088139321655035
0.011969531886279583
0.01305767148733139
0.014145811088383198
0.014145811088383198
0.014145811088383198
0.014145811088383198
0.014145811088383198
0.014145811088383198
0.01523394975811243
0.01523394975811243
0.016322089359164238
0.016322089359164238
0.016322089359164238
0.016322089359164238
0.016322089359164238
0.016322089359164238
0.016322089359164238
0.016322089359164238
0.016322089359164238
0.016322089359164238
0.016322089359164238
0.016322089359164238
0.016322089359164238
0.016322089359164238
0.016322089359164238
0.01741022802889347
0.018498368561267853
0.019586507230997086
0.019586507230997086
0.019586507230997086
0.019586507230997086
0.019586507230997086
0.019586507230997086
0.02067464590072632
0.02067464590072632
0.02067464590072632
0.02067464590072632
0.02067464590072632
0.0217627864331007
0.022850925102829933
0.023939063772559166
0.025027204304933548
0.025027204304933548
0.025027204304933548
0.025027204304933548
0.02611534297466278
0.02611534297466278
0.027203481644392014
0.028291622176766396
0.02937976084649563
0.03046789951622486
0.03155604004859924
0.03155604004859924
0.03155604004859924
0.032644178718328476
0.03373231738805771
0.03482045605778694
0.03482045605778694
0.035908594727516174
0.036996737122535706
0.03808487579226494
0.03917301446199417
0.040261153131723404
0.04134929180145264
0.04243743047118187
0.04243743047118187
0.04243743047118187
0.04243743047118187
0.04243743047118187
0.04243743047118187
0.0435255728662014
0.0435255728662014
0.0435255728662014
0.0435255728662014
0.0435255728662014
0.0435255728662014
0.0435255728662014
0.044613711535930634
0.045701850205659866
0.0467899888753891
0.0467899888753891
0.0467899888753891
0.0467899888753891
0.0467899888753891
0.04787812754511833
0.04787812754511833
0.04787812754511833
0.04787812754511833
0.048966266214847565
0.050054408609867096
0.050054408609867096
0.050054408609867096
0.050054408609867096
0.050054408609867096
0.050054408609867096
0.050054408609867096
0.050054408609867096
0.05114254727959633
0.05114254727959633
0.05114254727959633
0.05114254727959633
0.05114254727959633
0.05114254727959633
0.05114254727959633
0.05114254727959633
0.05114254727959633
0.05114254727959633
0.05223068594932556
0.053318824619054794
0.053318824619054794
0.053318824619054794
0.053318824619054794
0.053318824619054794
0.053318824619054794
0.053318824619054794
0.053318824619054794
0.05440696328878403
0.05549510195851326
0.05658324435353279
0.05658324435353279
0.05658324435353279
0.05658324435353279
0.05658324435353279
0.05658324435353279
0.05658324435353279
0.05658324435353279
0.05658324435353279
0.05658324435353279
0.05658324435353279
0.057671383023262024
0.05875952169299126
0.05875952169299126
0.05875952169299126
0.05875952169299126
0.05875952169299126
0.05984766036272049
0.05984766036272049
0.05984766036272049
0.05984766036272049
0.05984766036272049
0.05984766036272049
0.05984766036272049
0.05984766036272049
0.05984766036272049
0.05984766036272049
0.06093579903244972
0.06093579903244972
0.06093579903244972
0.06093579903244972
0.06093579903244972
0.06093579903244972
0.06093579903244972
0.06093579903244972
0.06093579903244972
0.06093579903244972
0.06093579903244972
0.06093579903244972
0.06093579903244972
0.06093579903244972
0.062023937702178955
0.062023937702178955
0.062023937702178955
0.062023937702178955
0.062023937702178955
0.062023937702178955
0.06311208009719849
0.06420021504163742
0.06420021504163742
0.06420021504163742
0.06420021504163742
0.06420021504163742
0.06420021504163742
0.06420021504163742
0.06420021504163742
0.06528835743665695
0.06637649983167648
0.06637649983167648
0.06746463477611542
0.06855277717113495
0.06855277717113495
0.06855277717113495
0.06855277717113495
0.06855277717113495
0.06855277717113495
0.06964091211557388
0.07072905451059341
0.07072905451059341
0.07072905451059341
0.07181718945503235
0.07290533185005188
0.07399347424507141
0.07508160918951035
0.07616975158452988
0.07616975158452988
0.07616975158452988
0.07616975158452988
0.07616975158452988
0.07616975158452988
0.07616975158452988
0.07616975158452988
0.07616975158452988
0.07616975158452988
0.07725788652896881
0.07725788652896881
0.07725788652896881
0.07725788652896881
0.07834602892398834
0.07943416386842728
0.07943416386842728
0.07943416386842728
0.07943416386842728
0.07943416386842728
0.07943416386842728
0.07943416386842728
0.07943416386842728
0.07943416386842728
0.07943416386842728
0.07943416386842728
0.07943416386842728
0.07943416386842728
0.07943416386842728
0.07943416386842728
0.07943416386842728
0.07943416386842728
0.07943416386842728
0.07943416386842728
0.07943416386842728
0.07943416386842728
0.07943416386842728
0.07943416386842728
0.07943416386842728
0.07943416386842728
0.07943416386842728
0.07943416386842728
0.07943416386842728
0.07943416386842728
0.07943416386842728
0.07943416386842728
0.07943416386842728
0.07943416386842728
0.07943416386842728
0.07943416386842728
0.07943416386842728
0.07943416386842728
0.07943416386842728
0.07943416386842728
0.07943416386842728
0.07943416386842728
0.07943416386842728
0.07943416386842728
0.07943416386842728
0.07943416386842728
0.07943416386842728
0.07943416386842728
0.07943416386842728
0.07943416386842728
0.07943416386842728
0.07943416386842728
0.07943416386842728
0.07943416386842728
0.07943416386842728
0.07943416386842728
0.07943416386842728
0.07943416386842728
0.07943416386842728
0.07943416386842728
0.07943416386842728
0.07943416386842728
0.07943416386842728
0.07943416386842728
0.07943416386842728
0.07943416386842728
0.07943416386842728
0.07943416386842728
0.07943416386842728
0.07943416386842728
0.07943416386842728
0.07943416386842728
0.07943416386842728
0.07943416386842728
0.07943416386842728
0.07943416386842728
0.07943416386842728
0.07943416386842728
0.07943416386842728
0.07943416386842728
0.07943416386842728
0.07943416386842728
0.07943416386842728
0.07943416386842728
0.07943416386842728
0.07943416386842728
0.07943416386842728
0.07943416386842728
0.07943416386842728
0.07943416386842728
0.07943416386842728
0.07943416386842728
0.07943416386842728
0.07943416386842728
0.07943416386842728
0.07943416386842728
0.07943416386842728
0.07943416386842728
0.07943416386842728
0.07943416386842728
0.07943416386842728
0.07943416386842728
0.07943416386842728
0.07943416386842728
0.07943416386842728
0.07943416386842728
0.07943416386842728
0.07943416386842728
0.07943416386842728
0.07943416386842728
0.07943416386842728
0.07943416386842728
0.07943416386842728
0.07943416386842728
0.07943416386842728
0.07943416386842728
0.07943416386842728
0.07943416386842728
0.07943416386842728
0.07943416386842728
0.07943416386842728
0.07943416386842728
0.07943416386842728
0.07943416386842728
0.07943416386842728
0.07943416386842728
0.07943416386842728
0.07943416386842728
0.07943416386842728
0.07943416386842728
0.07943416386842728
0.07943416386842728
0.07943416386842728
0.07943416386842728
0.07943416386842728
0.07943416386842728
0.07943416386842728
0.07943416386842728
0.07943416386842728
0.07943416386842728
0.07943416386842728
0.07943416386842728
0.07943416386842728
0.07943416386842728
0.07943416386842728
0.07943416386842728
0.07943416386842728
0.07943416386842728
0.07943416386842728
0.07943416386842728
0.07943416386842728
0.07943416386842728
0.07943416386842728
0.07943416386842728
0.07943416386842728
0.07943416386842728
0.07943416386842728
0.07943416386842728
0.07943416386842728
0.07943416386842728
0.07943416386842728
0.07943416386842728
0.07943416386842728
0.07943416386842728
0.07943416386842728
0.07943416386842728
0.07943416386842728
0.07943416386842728
0.07943416386842728
0.07943416386842728
0.07943416386842728
0.07943416386842728
0.07943416386842728
0.07943416386842728
0.07943416386842728
0.07943416386842728
0.07943416386842728
0.07943416386842728
0.07943416386842728
0.07943416386842728
0.07943416386842728
0.07943416386842728
0.07943416386842728
0.07943416386842728
0.07943416386842728
0.07943416386842728
0.07943416386842728
0.07943416386842728
0.07943416386842728
0.07943416386842728
0.07943416386842728
0.07943416386842728
0.07943416386842728
0.07943416386842728
0.07943416386842728
0.07943416386842728
0.07943416386842728
0.07943416386842728
0.07943416386842728
0.07943416386842728
0.07943416386842728
0.07943416386842728
0.07943416386842728
0.07943416386842728
0.07943416386842728
0.07943416386842728
0.07943416386842728
0.07943416386842728
0.07943416386842728
0.07943416386842728
0.07943416386842728
0.07943416386842728
0.07943416386842728
0.07943416386842728
0.07943416386842728
0.07943416386842728
0.07943416386842728
0.07943416386842728
0.07943416386842728
0.07943416386842728
0.07943416386842728
0.07943416386842728
0.07943416386842728
0.07943416386842728
0.07943416386842728
0.07943416386842728
0.07943416386842728
0.07943416386842728
0.07943416386842728
0.07943416386842728
0.07943416386842728
0.07943416386842728
0.07943416386842728
0.07943416386842728
0.07943416386842728
0.07943416386842728
0.07943416386842728
0.07943416386842728
0.07943416386842728
0.07943416386842728
0.07943416386842728
0.07943416386842728
0.07943416386842728
0.07943416386842728
0.07943416386842728
0.07943416386842728
0.07943416386842728
0.07943416386842728
0.07943416386842728
0.07943416386842728
0.07943416386842728
0.07943416386842728
0.07943416386842728
0.07943416386842728
0.07943416386842728
0.07943416386842728
0.07943416386842728
0.07943416386842728
0.07943416386842728
0.07943416386842728
0.07943416386842728
0.07943416386842728
0.07943416386842728
0.07943416386842728
0.07943416386842728
0.07943416386842728
0.07943416386842728
0.07943416386842728
0.07943416386842728
0.07943416386842728
0.07943416386842728
0.07943416386842728
0.07943416386842728
0.07943416386842728
0.07943416386842728
0.07943416386842728
0.07943416386842728
0.07943416386842728
0.07943416386842728
0.07943416386842728
0.07943416386842728
0.07943416386842728
0.07943416386842728
0.07943416386842728
0.07943416386842728
0.07943416386842728
0.07943416386842728
0.07943416386842728
0.07943416386842728
0.07943416386842728
0.07943416386842728
0.07943416386842728
0.07943416386842728
0.07943416386842728
0.07943416386842728
0.07943416386842728
0.07943416386842728
0.07943416386842728
0.07943416386842728
0.07943416386842728
0.07943416386842728
0.07943416386842728
0.07943416386842728
0.07943416386842728
0.07943416386842728
0.07943416386842728
0.07943416386842728
0.07943416386842728
0.07943416386842728
0.07943416386842728
0.07943416386842728
0.07943416386842728
0.07943416386842728
0.07943416386842728
0.07943416386842728
0.07943416386842728
0.07943416386842728
0.07943416386842728
0.07943416386842728
0.07943416386842728
0.07943416386842728
0.07943416386842728
0.07943416386842728
0.07943416386842728
0.07943416386842728
0.07943416386842728
0.07943416386842728
0.07943416386842728
0.07943416386842728
0.07943416386842728
0.07943416386842728
0.07943416386842728
0.07943416386842728
0.07943416386842728
0.07943416386842728
0.07943416386842728
0.07943416386842728
0.07943416386842728
0.07943416386842728
0.07943416386842728
0.07943416386842728
0.07943416386842728
0.07943416386842728
0.07943416386842728
0.07943416386842728
0.07943416386842728
0.07943416386842728
0.07943416386842728
0.07943416386842728
0.07943416386842728
0.07943416386842728
0.07943416386842728
0.07943416386842728
0.07943416386842728
0.07943416386842728
0.07943416386842728
0.07943416386842728
0.07943416386842728
0.07943416386842728
0.07943416386842728
0.07943416386842728
0.07943416386842728
0.07943416386842728
0.07943416386842728
0.07943416386842728
0.07943416386842728
0.07943416386842728
0.07943416386842728
0.07943416386842728
0.07943416386842728
0.07943416386842728
0.07943416386842728
0.07943416386842728
0.07943416386842728
0.07943416386842728
0.07943416386842728
0.07943416386842728
0.07943416386842728
0.07943416386842728
0.07943416386842728
0.07943416386842728
0.07943416386842728
0.07943416386842728
0.07943416386842728
0.07943416386842728
0.07943416386842728
0.07943416386842728
0.07943416386842728
0.07943416386842728
0.07943416386842728
0.07943416386842728
0.07943416386842728
0.07943416386842728
0.07943416386842728
0.07943416386842728
0.07943416386842728
0.07943416386842728
0.07943416386842728
0.07943416386842728
0.07943416386842728
0.07943416386842728
0.07943416386842728
0.07943416386842728
0.07943416386842728
0.07943416386842728
0.07943416386842728
0.07943416386842728
0.07943416386842728
0.07943416386842728
0.07943416386842728
0.07943416386842728
0.07943416386842728
0.07943416386842728
0.07943416386842728
0.07943416386842728
0.07943416386842728
0.07943416386842728
0.07943416386842728
0.07943416386842728
0.07943416386842728
0.07943416386842728
0.07943416386842728
0.07943416386842728
0.07943416386842728
0.07943416386842728
0.07943416386842728
0.07943416386842728
0.07943416386842728
0.07943416386842728
0.07943416386842728
0.07943416386842728
0.07943416386842728
0.07943416386842728
0.07943416386842728
0.07943416386842728
0.07943416386842728
0.07943416386842728
0.07943416386842728
0.07943416386842728
0.07943416386842728
0.07943416386842728
0.07943416386842728
0.07943416386842728
0.07943416386842728
0.07943416386842728
0.07943416386842728
0.07943416386842728
0.07943416386842728
0.07943416386842728
0.07943416386842728
0.07943416386842728
0.07943416386842728
0.07943416386842728
0.07943416386842728
0.07943416386842728
0.07943416386842728
0.07943416386842728
0.07943416386842728
0.07943416386842728
0.07943416386842728
0.07943416386842728
0.07943416386842728
0.07943416386842728
0.07943416386842728
0.07943416386842728
0.07943416386842728
0.07943416386842728
0.07943416386842728
0.07943416386842728
0.07943416386842728
0.07943416386842728
0.07943416386842728
0.07943416386842728
0.07943416386842728
0.07943416386842728
0.07943416386842728
0.07943416386842728
0.07943416386842728
0.07943416386842728
0.07943416386842728
0.07943416386842728
0.07943416386842728
0.07943416386842728
0.07943416386842728
0.07943416386842728
0.07943416386842728
0.07943416386842728
0.07943416386842728
0.07943416386842728
0.07943416386842728
0.07943416386842728
0.07943416386842728
0.07943416386842728
0.08052230626344681
0.08052230626344681
0.08052230626344681
0.08052230626344681
0.08052230626344681
0.08052230626344681
0.08052230626344681
0.08052230626344681
0.08052230626344681
0.08052230626344681
0.08052230626344681
0.08052230626344681
0.08052230626344681
0.08052230626344681
0.08052230626344681
0.08052230626344681
0.08052230626344681
0.08052230626344681
0.08052230626344681
0.08052230626344681
0.08052230626344681
0.08052230626344681
0.08052230626344681
0.08052230626344681
0.08052230626344681
0.08052230626344681
0.08052230626344681
0.08052230626344681
0.08052230626344681
0.08052230626344681
0.08052230626344681
0.08052230626344681
0.08052230626344681
0.08052230626344681
0.08052230626344681
0.08052230626344681
0.08052230626344681
0.08052230626344681
0.08052230626344681
0.08052230626344681
0.08052230626344681
0.08052230626344681
0.08052230626344681
0.08052230626344681
0.08052230626344681
0.08052230626344681
0.08052230626344681
0.08052230626344681
0.08052230626344681
0.08052230626344681
0.08052230626344681
0.08052230626344681
0.08052230626344681
0.08052230626344681
0.08052230626344681
0.08052230626344681
0.08052230626344681
0.08052230626344681
0.08052230626344681
0.08052230626344681
0.08052230626344681
0.08052230626344681
0.08052230626344681
0.08052230626344681
0.08052230626344681
0.08052230626344681
0.08052230626344681
0.08052230626344681
0.08052230626344681
0.08052230626344681
0.08052230626344681
0.08052230626344681
0.08052230626344681
0.08052230626344681
0.08052230626344681
0.08052230626344681
0.08052230626344681
0.08052230626344681
0.08052230626344681
0.08052230626344681
0.08052230626344681
0.08052230626344681
0.08052230626344681
0.08052230626344681
0.08052230626344681
0.08052230626344681
0.08052230626344681
0.08052230626344681
0.08052230626344681
0.08052230626344681
0.08052230626344681
0.08052230626344681
0.08052230626344681
0.08052230626344681
0.08052230626344681
0.08052230626344681
0.08052230626344681
0.08052230626344681
0.08052230626344681
0.08052230626344681
0.08052230626344681
0.08052230626344681
0.08052230626344681
0.08052230626344681
0.08052230626344681
0.08052230626344681
0.08052230626344681
0.08052230626344681
0.08052230626344681
0.08052230626344681
0.08052230626344681
0.08052230626344681
0.08052230626344681
0.08052230626344681
0.08052230626344681
0.08052230626344681
0.08052230626344681
0.08052230626344681
0.08052230626344681
0.08052230626344681
0.08052230626344681
0.08052230626344681
0.08052230626344681
0.08052230626344681
0.08052230626344681
0.08052230626344681
0.08052230626344681
0.08052230626344681
0.08052230626344681
0.08052230626344681
0.08052230626344681
0.08052230626344681
0.08052230626344681
0.08052230626344681
0.08052230626344681
0.08052230626344681
0.08052230626344681
0.08052230626344681
0.08052230626344681
0.08052230626344681
0.08052230626344681
0.08052230626344681
0.08052230626344681
0.08052230626344681
0.08052230626344681
0.08052230626344681
0.08052230626344681
0.08052230626344681
0.08052230626344681
0.08052230626344681
0.08052230626344681
0.08052230626344681
0.08052230626344681
0.08052230626344681
0.08052230626344681
0.08052230626344681
0.08052230626344681
0.08052230626344681
0.08052230626344681
0.08052230626344681
0.08052230626344681
0.08052230626344681
0.08052230626344681
0.08052230626344681
0.08052230626344681
0.08052230626344681
0.08052230626344681
0.08052230626344681
0.08052230626344681
0.08052230626344681
0.08052230626344681
0.08052230626344681
0.08052230626344681
0.08052230626344681
0.08052230626344681
0.08052230626344681
0.08052230626344681
0.08052230626344681
0.08052230626344681
0.08052230626344681
0.08052230626344681
0.08052230626344681
0.08052230626344681
0.08052230626344681
0.08052230626344681
0.08052230626344681
0.08052230626344681
0.08052230626344681
0.08052230626344681
0.08052230626344681
0.08161044865846634
0.08161044865846634
0.08161044865846634
0.08161044865846634
0.08161044865846634
0.08161044865846634
0.08161044865846634
0.08161044865846634
0.08161044865846634
0.08161044865846634
0.08161044865846634
0.08161044865846634
0.08161044865846634
0.08269858360290527
0.08269858360290527
0.08269858360290527
0.08269858360290527
0.08269858360290527
0.08269858360290527
0.08269858360290527
0.08269858360290527
0.08269858360290527
0.08269858360290527
0.08269858360290527
0.08269858360290527
0.08269858360290527
0.08269858360290527
0.08269858360290527
0.08269858360290527
0.08269858360290527
0.08269858360290527
0.08269858360290527
0.08269858360290527
0.08269858360290527
0.08269858360290527
0.08269858360290527
0.08269858360290527
0.08269858360290527
0.08269858360290527
0.08269858360290527
0.08269858360290527
0.08269858360290527
0.08269858360290527
0.08269858360290527
0.08269858360290527
0.08269858360290527
0.08269858360290527
0.08269858360290527
0.08269858360290527
0.0837867259979248
0.0837867259979248
0.0837867259979248
0.0837867259979248
0.0837867259979248
0.0837867259979248
0.0837867259979248
0.0837867259979248
0.0837867259979248
0.0837867259979248
0.0837867259979248
0.0837867259979248
0.0837867259979248
0.0837867259979248
0.0837867259979248
0.0837867259979248
0.0837867259979248
0.0837867259979248
0.0837867259979248
0.0837867259979248
0.0837867259979248
0.0837867259979248
0.0837867259979248
0.0837867259979248
0.0837867259979248
0.0837867259979248
0.0837867259979248
0.0837867259979248
0.0837867259979248
0.0837867259979248
0.0837867259979248
0.0837867259979248
0.0837867259979248
0.0837867259979248
0.0837867259979248
0.0837867259979248
0.0837867259979248
0.0837867259979248
0.0837867259979248
0.0837867259979248
0.0837867259979248
0.0837867259979248
0.0837867259979248
0.0837867259979248
0.0837867259979248
0.0837867259979248
0.0837867259979248
0.0837867259979248
0.0837867259979248
0.0837867259979248
0.0837867259979248
0.0837867259979248
0.0837867259979248
0.0837867259979248
0.0837867259979248
0.0837867259979248
0.0837867259979248
0.0837867259979248
0.0837867259979248
0.0837867259979248
0.0837867259979248
0.0837867259979248
0.0837867259979248
0.0837867259979248
0.0837867259979248
0.0837867259979248
0.0837867259979248
0.0837867259979248
0.0837867259979248
0.0837867259979248
0.0837867259979248
0.0837867259979248
0.0837867259979248
0.0837867259979248
0.0837867259979248
0.0837867259979248
0.0837867259979248
0.0837867259979248
0.0837867259979248
0.0837867259979248
0.0837867259979248
0.0837867259979248
0.0837867259979248
0.0837867259979248
0.0837867259979248
0.0837867259979248
0.0837867259979248
0.0837867259979248
0.0837867259979248
0.0837867259979248
0.0837867259979248
0.0837867259979248
0.0837867259979248
0.0837867259979248
0.0837867259979248
0.0837867259979248
0.08487486094236374
0.08487486094236374
0.08487486094236374
0.08487486094236374
0.08487486094236374
0.08596300333738327
0.08596300333738327
0.08596300333738327
0.08596300333738327
0.08596300333738327
0.08596300333738327
0.08596300333738327
0.08596300333738327
0.08596300333738327
0.08596300333738327
0.08596300333738327
0.08596300333738327
0.08596300333738327
0.08596300333738327
0.08596300333738327
0.08596300333738327
0.08596300333738327
0.08596300333738327
0.08596300333738327
0.08596300333738327
0.08596300333738327
0.08596300333738327
0.08596300333738327
0.08596300333738327
0.08596300333738327
0.08596300333738327
0.08596300333738327
0.08596300333738327
0.08596300333738327
0.08596300333738327
0.08596300333738327
0.08596300333738327
0.08596300333738327
0.08596300333738327
0.08596300333738327
0.08596300333738327
0.08596300333738327
0.08596300333738327
0.08596300333738327
0.08596300333738327
0.08596300333738327
0.08596300333738327
0.08596300333738327
0.08596300333738327
0.08596300333738327
0.08596300333738327
0.08596300333738327
0.08596300333738327
0.08596300333738327
0.0870511457324028
0.0870511457324028
0.0870511457324028
0.0870511457324028
0.0870511457324028
0.0870511457324028
0.0870511457324028
0.0870511457324028
0.0870511457324028
0.0870511457324028
0.0870511457324028
0.0870511457324028
0.0870511457324028
0.0870511457324028
0.0870511457324028
0.0870511457324028
0.0870511457324028
0.0870511457324028
0.0870511457324028
0.0870511457324028
0.0870511457324028
0.0870511457324028
0.0870511457324028
0.0870511457324028
0.0870511457324028
0.0870511457324028
0.0870511457324028
0.0870511457324028
0.0870511457324028
0.0870511457324028
0.0870511457324028
0.0870511457324028
0.0870511457324028
0.0870511457324028
0.0870511457324028
0.0870511457324028
0.0870511457324028
0.0870511457324028
0.0870511457324028
0.0870511457324028
0.0870511457324028
0.0870511457324028
0.0870511457324028
0.0870511457324028
0.0870511457324028
0.0870511457324028
0.0870511457324028
0.0870511457324028
0.0870511457324028
0.0870511457324028
0.0870511457324028
0.0870511457324028
0.0870511457324028
0.0870511457324028
0.0870511457324028
0.0870511457324028
0.0870511457324028
0.0870511457324028
0.08813928067684174
0.08813928067684174
0.08813928067684174
0.08813928067684174
0.08813928067684174
0.08813928067684174
0.08813928067684174
0.08813928067684174
0.08813928067684174
0.08813928067684174
0.08813928067684174
0.08813928067684174
0.08813928067684174
0.08813928067684174
0.08813928067684174
0.08813928067684174
0.08813928067684174
0.08813928067684174
0.08813928067684174
0.08813928067684174
0.08813928067684174
0.08813928067684174
0.08813928067684174
0.08813928067684174
0.08813928067684174
0.08813928067684174
0.08813928067684174
0.08813928067684174
0.08813928067684174
0.08813928067684174
0.08813928067684174
0.08813928067684174
0.08813928067684174
0.08813928067684174
0.08813928067684174
0.08813928067684174
0.08813928067684174
0.08813928067684174
0.08813928067684174
0.08813928067684174
0.08813928067684174
0.08813928067684174
0.08813928067684174
0.08813928067684174
0.08813928067684174
0.08813928067684174
0.08813928067684174
0.08813928067684174
0.08813928067684174
0.08922742307186127
0.0903155580163002
0.0903155580163002
0.0903155580163002
0.0903155580163002
0.0903155580163002
0.0903155580163002
0.0903155580163002
0.0903155580163002
0.0903155580163002
0.0903155580163002
0.0903155580163002
0.0903155580163002
0.09140370041131973
0.09140370041131973
0.09140370041131973
0.09140370041131973
0.09140370041131973
0.09140370041131973
0.09140370041131973
0.09140370041131973
0.09140370041131973
0.09140370041131973
0.09140370041131973
0.09249183535575867
0.0935799777507782
0.0935799777507782
0.0935799777507782
0.0935799777507782
0.0935799777507782
0.0935799777507782
0.0935799777507782
0.0935799777507782
0.0935799777507782
0.0935799777507782
0.0935799777507782
0.09466812014579773
0.09466812014579773
0.09466812014579773
0.09466812014579773
0.09466812014579773
0.09575625509023666
0.09575625509023666
0.09575625509023666
0.09575625509023666
0.09575625509023666
0.09575625509023666
0.09575625509023666
0.09575625509023666
0.09575625509023666
0.09575625509023666
0.09575625509023666
0.09575625509023666
0.09575625509023666
0.09575625509023666
0.09575625509023666
0.09575625509023666
0.09575625509023666
0.09575625509023666
0.09575625509023666
0.09575625509023666
0.09575625509023666
0.09575625509023666
0.09575625509023666
0.09575625509023666
0.09575625509023666
0.09575625509023666
0.09575625509023666
0.09575625509023666
0.09575625509023666
0.09575625509023666
0.09575625509023666
0.09575625509023666
0.09575625509023666
0.09575625509023666
0.09575625509023666
0.09575625509023666
0.09575625509023666
0.09575625509023666
0.09575625509023666
0.09575625509023666
0.09575625509023666
0.09575625509023666
0.09575625509023666
0.09575625509023666
0.09575625509023666
0.0968443974852562
0.09793253242969513
0.09793253242969513
0.09793253242969513
0.09793253242969513
0.09793253242969513
0.09793253242969513
0.09793253242969513
0.09793253242969513
0.09793253242969513
0.09902067482471466
0.10010881721973419
0.10010881721973419
0.10010881721973419
0.10010881721973419
0.10010881721973419
0.10010881721973419
0.10010881721973419
0.10010881721973419
0.10010881721973419
0.10010881721973419
0.10010881721973419
0.10010881721973419
0.10010881721973419
0.10010881721973419
0.10119695216417313
0.10228509455919266
0.10337322950363159
0.10337322950363159
0.10337322950363159
0.10337322950363159
0.10446137189865112
0.10446137189865112
0.10446137189865112
0.10446137189865112
0.10446137189865112
0.10446137189865112
0.10446137189865112
0.10446137189865112
0.10446137189865112
0.10446137189865112
0.10446137189865112
0.10446137189865112
0.10446137189865112
0.10446137189865112
0.10446137189865112
0.10446137189865112
0.10554950684309006
0.10663764923810959
0.10772579163312912
0.10772579163312912
0.10772579163312912
0.10772579163312912
0.10772579163312912
0.10772579163312912
0.10772579163312912
0.10772579163312912
0.10772579163312912
0.10772579163312912
0.10772579163312912
0.10772579163312912
0.10881392657756805
0.10990206897258759
0.11099020391702652
0.11099020391702652
0.11099020391702652
0.11099020391702652
0.11099020391702652
0.11099020391702652
0.11099020391702652
0.11099020391702652
0.11099020391702652
0.11099020391702652
0.11099020391702652
0.11207834631204605
0.11316648870706558
0.11316648870706558
0.11316648870706558
0.11316648870706558
0.11316648870706558
0.11316648870706558
0.11316648870706558
0.11316648870706558
0.11316648870706558
0.11316648870706558
0.11316648870706558
0.11316648870706558
0.11316648870706558
0.11425462365150452
0.11425462365150452
0.11425462365150452
0.11425462365150452
0.11425462365150452
0.11425462365150452
0.11534276604652405
0.11534276604652405
0.11534276604652405
0.11534276604652405
0.11534276604652405
0.11534276604652405
0.11643090099096298
0.11751904338598251
0.11860717833042145
0.11860717833042145
0.11860717833042145
0.11860717833042145
0.11860717833042145
0.11969532072544098
0.12078346312046051
0.12078346312046051
0.12078346312046051
0.12078346312046051
0.12078346312046051
0.12078346312046051
0.12078346312046051
0.12078346312046051
0.12078346312046051
0.12078346312046051
0.12078346312046051
0.12078346312046051
0.12078346312046051
0.12078346312046051
0.12078346312046051
0.12078346312046051
0.12078346312046051
0.12078346312046051
0.12078346312046051
0.12078346312046051
0.12078346312046051
0.12078346312046051
0.12187159806489944
0.12187159806489944
0.12187159806489944
0.12187159806489944
0.12187159806489944
0.12187159806489944
0.12187159806489944
0.12295974045991898
0.12404787540435791
0.12404787540435791
0.12404787540435791
0.12404787540435791
0.12404787540435791
0.12404787540435791
0.12404787540435791
0.12404787540435791
0.12404787540435791
0.12404787540435791
0.12404787540435791
0.12404787540435791
0.12404787540435791
0.12404787540435791
0.12404787540435791
0.12404787540435791
0.12404787540435791
0.12404787540435791
0.12404787540435791
0.12404787540435791
0.12404787540435791
0.12513601779937744
0.12513601779937744
0.12513601779937744
0.12513601779937744
0.12513601779937744
0.12513601779937744
0.12513601779937744
0.12513601779937744
0.12513601779937744
0.12513601779937744
0.12513601779937744
0.12513601779937744
0.12513601779937744
0.12513601779937744
0.12513601779937744
0.12513601779937744
0.12513601779937744
0.12513601779937744
0.12513601779937744
0.12513601779937744
0.12513601779937744
0.12513601779937744
0.12513601779937744
0.12513601779937744
0.12513601779937744
0.12513601779937744
0.12513601779937744
0.12513601779937744
0.12513601779937744
0.12513601779937744
0.12513601779937744
0.12513601779937744
0.12513601779937744
0.12513601779937744
0.12513601779937744
0.12513601779937744
0.12513601779937744
0.12513601779937744
0.12622416019439697
0.12622416019439697
0.12622416019439697
0.12622416019439697
0.12622416019439697
0.12622416019439697
0.12622416019439697
0.12622416019439697
0.12622416019439697
0.12622416019439697
0.12622416019439697
0.12622416019439697
0.12622416019439697
0.12622416019439697
0.12622416019439697
0.12622416019439697
0.12622416019439697
0.12622416019439697
0.12622416019439697
0.12622416019439697
0.12622416019439697
0.12622416019439697
0.12622416019439697
0.12622416019439697
0.12622416019439697
0.12622416019439697
0.12622416019439697
0.12622416019439697
0.12622416019439697
0.12622416019439697
0.12622416019439697
0.12622416019439697
0.12622416019439697
0.12622416019439697
0.12622416019439697
0.12622416019439697
0.12622416019439697
0.12622416019439697
0.12622416019439697
0.12622416019439697
0.12622416019439697
0.12622416019439697
0.12622416019439697
0.12622416019439697
0.12622416019439697
0.12622416019439697
0.12622416019439697
0.12622416019439697
0.12622416019439697
0.12622416019439697
0.12622416019439697
0.12622416019439697
0.12622416019439697
0.12622416019439697
0.12622416019439697
0.12622416019439697
0.12622416019439697
0.12622416019439697
0.12622416019439697
0.12622416019439697
0.12622416019439697
0.12622416019439697
0.12622416019439697
0.12622416019439697
0.12622416019439697
0.12622416019439697
0.12622416019439697
0.12622416019439697
0.12622416019439697
0.12622416019439697
0.12622416019439697
0.12622416019439697
0.12622416019439697
0.12622416019439697
0.12622416019439697
0.12622416019439697
0.12622416019439697
0.12622416019439697
0.12622416019439697
0.12622416019439697
0.12622416019439697
0.12622416019439697
0.12622416019439697
0.12622416019439697
0.12622416019439697
0.12622416019439697
0.12622416019439697
0.12622416019439697
0.12622416019439697
0.1273123025894165
0.1273123025894165
0.1273123025894165
0.12840043008327484
0.12948857247829437
0.12948857247829437
1.0
